0,388
0,387
23,9
0,385
0,384
23,8
37,35
10,230
10,280
10,138
10,268
10,254
10,240
10,98
10,24
10,2
10,3
9,7
9,4
9,6
9,2
9,3
8,12
8,4
8,11
8,16
24,4
24,3
24,2
24,1
23,7
23,6
23,5
23,4
23,3
23,2
23,1
23,0
20,3
20,2
20,1
19,3
19,2
19,1
18,3
18,1
14,3
14,1
13,3
13,1
12,3
12,2
12,1
11,28
11,27
11,26
11,25
11,24
11,23
11,22
11,21
11,20
11,19
11,18
11,17
11,16
11,15
11,14
11,13
11,12
11,11
11,10
11,9
11,8
11,6
11,5
11,4
11,3
11,2
11,1
10,297
10,292
10,287
10,284
10,282
10,270
10,267
10,265
10,263
10,262
10,261
10,244
10,238
10,232
10,225
10,220
10,219
10,218
10,216
10,214
10,208
10,206
